1	34
1	120
1	311
1	351
1	408
1	460
1	489
1	494
1	602
1	822
2	51
2	375
2	390
2	586
2	629
2	942
2	972
2	997
3	47
3	300
3	419
3	436
3	446
3	590
3	696
3	779
3	827
3	840
4	326
4	406
4	447
4	494
4	763
4	785
4	858
5	16
5	18
5	60
5	75
5	88
5	198
5	417
5	526
5	628
5	741
5	758
5	923
5	925
5	927
6	128
6	195
6	284
6	494
6	540
6	598
6	637
6	664
6	678
6	699
6	748
6	760
6	777
6	944
7	12
7	51
7	91
7	222
7	284
7	430
7	466
7	743
8	91
8	259
8	403
8	522
8	525
8	555
8	638
8	707
8	711
8	728
8	738
8	787
8	851
8	874
8	938
9	217
9	402
9	441
9	454
9	467
9	502
9	627
9	635
9	786
9	787
9	800
9	823
9	825
9	946
10	451
10	456
10	483
10	518
10	595
10	604
10	621
10	926
10	951
10	998
11	182
11	382
11	598
11	796
11	799
11	840
11	883
12	311
12	351
12	488
12	561
12	643
12	764
12	773
12	852
13	55
13	239
13	253
13	382
13	384
13	584
13	687
13	696
13	830
13	903
13	982
14	15
14	47
14	167
14	203
14	261
14	364
14	685
14	818
15	76
15	161
15	216
15	329
15	373
15	385
15	395
15	531
15	554
15	668
15	821
15	926
15	982
16	174
16	189
16	223
16	241
16	272
16	367
16	377
16	479
16	658
16	697
16	844
16	990
17	62
17	99
17	150
17	195
17	269
17	481
17	587
17	607
17	609
17	694
17	738
18	51
18	74
18	405
18	617
18	888
18	913
18	916
18	949
19	105
19	116
19	194
19	241
19	599
19	909
19	921
20	298
20	384
20	389
20	403
20	422
20	543
20	646
20	735
20	882
20	951
21	16
21	602
21	639
21	948
22	36
22	133
22	152
22	189
22	290
22	437
22	593
22	716
22	767
22	793
22	895
22	952
23	207
23	319
23	699
23	958
24	194
24	360
24	369
24	451
24	550
24	595
24	797
24	804
24	858
24	959
24	995
25	78
25	163
25	246
25	440
25	692
25	742
25	823
25	825
25	840
25	929
25	964
26	36
26	163
26	288
26	413
26	417
26	482
26	672
26	677
26	823
26	916
26	966
27	201
27	584
27	739
27	771
27	899
28	100
28	245
28	430
28	484
28	498
28	600
28	647
28	677
28	724
28	897
28	952
29	201
29	263
29	391
29	453
29	653
30	59
30	229
30	423
30	567
30	586
30	595
30	661
30	728
30	852
30	909
30	988
31	166
31	398
31	500
31	599
31	608
31	711
31	742
31	761
31	789
32	37
32	95
32	152
32	248
32	555
32	628
32	648
32	734
32	735
32	780
32	836
32	920
32	930
32	977
32	987
33	84
33	92
33	286
33	304
33	327
33	347
33	455
33	458
33	598
33	660
33	691
33	734
33	869
33	932
34	89
34	110
34	172
34	242
34	317
34	479
34	508
34	520
34	702
34	949
35	145
35	147
35	243
35	306
35	338
35	450
35	631
35	757
35	904
36	9
36	168
36	288
36	337
36	530
36	622
36	779
36	868
37	19
37	236
37	284
37	363
37	739
37	760
37	944
37	968
38	183
38	186
38	260
38	388
38	590
38	643
38	713
38	767
38	920
38	952
39	15
39	213
39	224
39	247
39	572
39	674
39	774
39	848
39	853
39	904
39	961
40	162
40	259
40	370
40	414
40	559
40	949
41	128
41	133
41	259
41	280
41	283
41	314
41	795
41	905
41	986
41	988
42	36
42	99
42	222
42	235
42	316
42	371
42	383
42	507
42	523
42	670
42	753
42	968
43	92
43	128
43	162
43	206
43	662
43	737
43	870
43	979
44	175
44	192
44	224
44	239
44	327
44	471
44	538
44	643
44	778
44	952
45	39
45	56
45	147
45	160
45	202
45	227
45	260
45	277
45	400
45	532
45	597
45	615
45	630
45	648
45	735
45	799
45	853
46	13
46	36
46	39
46	55
46	114
46	358
46	416
46	483
46	494
46	538
46	608
46	639
46	751
46	873
46	901
46	978
47	13
47	144
47	148
47	200
47	248
47	545
47	595
47	762
48	9
48	26
48	75
48	87
48	133
48	233
48	275
48	435
48	517
48	543
48	546
48	601
48	602
48	780
48	782
48	802
48	817
49	332
49	417
49	529
49	602
49	695
49	735
49	877
49	882
49	951
49	983
50	92
50	598
50	900
51	49
51	99
51	104
51	428
51	562
51	670
51	817
52	66
52	116
52	413
52	592
52	745
52	930
53	146
53	300
53	461
53	521
53	555
53	561
53	600
53	611
53	612
53	703
53	856
53	913
54	177
54	188
54	356
54	361
54	366
54	391
54	409
54	689
54	746
54	864
55	202
55	329
55	362
55	420
55	532
55	568
55	737
55	958
55	973
56	232
56	288
56	342
56	405
56	520
56	545
56	721
56	758
57	33
57	182
57	190
57	283
57	423
57	589
57	636
57	664
57	716
57	786
57	803
57	832
57	947
57	973
58	56
58	153
58	329
58	454
58	464
58	548
58	568
58	803
58	868
58	893
58	919
59	2
59	24
59	57
59	72
59	199
59	217
59	342
59	369
59	578
59	583
59	686
59	993
60	216
60	304
60	549
60	553
60	580
60	600
60	643
60	722
60	813
60	866
60	871
60	967
61	68
61	211
61	276
61	316
61	460
61	507
61	607
61	620
61	651
61	956
62	412
62	451
62	628
63	80
63	185
63	201
63	354
63	506
63	522
63	798
63	802
63	804
63	915
64	170
64	383
64	537
64	547
64	548
64	585
64	657
64	701
64	790
64	841
65	45
65	72
65	419
65	465
65	539
65	696
65	824
66	10
66	48
66	222
66	235
66	243
66	301
66	365
66	502
66	553
66	595
66	671
66	675
66	756
66	790
66	821
66	996
67	41
67	62
67	87
67	241
67	388
67	672
68	172
68	188
68	301
68	320
68	373
68	447
68	462
68	546
68	758
68	982
69	239
69	394
69	707
70	26
70	107
70	122
70	371
70	387
70	732
70	749
71	218
71	235
71	582
71	648
71	661
71	688
71	743
71	901
72	307
72	539
72	554
72	559
72	686
72	752
72	816
72	849
72	888
73	355
73	456
73	513
73	549
73	561
73	569
73	756
73	828
73	905
73	936
73	963
74	6
74	246
74	315
74	527
74	706
74	745
75	11
75	79
75	159
75	173
75	294
75	338
75	419
75	453
75	604
75	743
75	754
75	829
75	842
75	926
75	963
75	983
76	31
76	353
76	421
76	429
76	513
76	521
76	528
76	958
76	961
77	132
77	179
77	250
77	463
77	619
77	628
78	12
78	240
78	335
78	629
78	668
78	678
78	716
79	40
79	321
79	401
79	434
79	454
79	486
79	819
79	891
79	918
79	952
80	61
80	245
80	272
80	336
80	348
80	476
80	685
80	721
80	782
80	807
81	52
81	67
81	103
81	179
81	187
81	220
81	289
81	302
81	378
81	391
81	474
81	743
81	768
81	923
82	172
82	279
82	285
82	295
82	338
82	349
82	494
82	549
82	627
83	67
83	152
83	194
83	310
83	327
83	511
83	564
83	702
83	730
83	783
83	816
83	823
83	923
83	940
83	964
84	134
84	165
84	299
84	303
84	372
84	381
84	726
84	815
84	952
84	955
85	163
85	365
85	542
85	554
85	580
85	725
85	829
85	975
85	991
86	29
86	31
86	151
86	266
86	267
86	292
86	452
86	465
86	598
86	607
86	640
86	764
86	881
87	6
87	151
87	181
87	399
87	413
87	438
87	491
87	571
87	574
87	576
87	648
87	764
87	855
87	888
87	1000
88	14
88	133
88	168
88	270
88	289
88	327
88	492
88	503
88	684
88	970
88	971
88	988
89	42
89	85
89	170
89	173
89	343
89	575
89	693
89	728
90	11
90	123
90	148
90	180
90	222
90	272
90	308
90	343
90	363
90	405
90	650
90	752
90	823
90	840
90	854
90	856
90	914
90	990
91	145
91	407
91	480
91	587
91	627
91	652
91	835
91	870
91	909
92	255
92	601
92	652
92	757
92	907
92	958
93	135
93	254
93	352
93	520
93	657
93	797
93	977
94	26
94	307
94	342
94	397
94	579
94	629
94	685
94	696
94	702
94	751
94	803
94	890
94	924
94	976
95	159
95	207
95	301
95	306
95	317
95	404
95	453
95	579
95	619
95	677
95	802
95	909
95	932
96	256
96	384
96	495
96	605
96	863
97	169
97	230
97	268
97	335
97	392
97	451
97	520
97	663
97	669
97	711
97	779
97	781
98	15
98	97
98	156
98	307
98	319
98	416
98	591
98	734
98	904
99	57
99	340
99	386
99	413
99	414
99	679
99	770
99	997
100	107
100	120
100	160
100	217
100	269
100	506
100	568
100	786
100	790
100	842
101	112
101	144
101	361
101	416
101	446
101	451
101	512
101	704
101	716
101	731
101	778
101	831
101	844
101	858
101	861
101	921
102	234
102	272
102	283
102	288
102	308
102	325
102	379
102	456
102	474
102	653
102	850
103	96
103	161
103	197
103	372
103	409
103	682
103	835
103	858
103	863
103	934
103	948
103	953
104	82
104	159
104	371
104	389
104	424
104	561
104	587
104	632
104	696
104	804
104	893
104	913
104	956
104	992
105	11
105	244
105	251
105	370
105	397
105	421
105	651
105	828
105	848
105	873
105	874
106	94
106	132
106	382
106	438
106	494
106	544
106	664
107	26
107	126
107	298
107	319
107	321
107	381
107	397
107	424
107	466
107	489
107	605
107	614
107	670
107	693
107	729
107	766
108	44
108	119
108	147
108	201
108	230
108	254
108	290
108	339
108	352
108	593
108	653
108	898
108	925
109	13
109	232
109	315
109	532
109	568
109	585
109	652
109	757
109	809
109	835
109	947
109	964
110	58
110	73
110	134
110	183
110	214
110	722
110	796
110	846
110	947
110	984
111	15
111	45
111	70
111	73
111	118
111	197
111	248
111	393
111	434
111	458
111	484
111	907
111	952
112	98
112	103
112	133
112	183
112	289
112	302
112	468
112	665
112	682
112	701
112	720
112	845
112	913
112	945
112	966
112	999
113	219
113	420
113	440
113	519
113	548
113	549
113	706
114	10
114	97
114	192
114	280
114	322
114	365
114	422
114	483
114	569
114	683
114	864
114	873
114	993
115	116
115	209
115	228
115	514
115	543
115	572
115	640
115	647
115	727
115	819
116	58
116	371
116	647
116	793
116	958
117	59
117	99
117	111
117	170
117	191
117	196
117	239
117	292
117	359
117	454
117	550
117	641
117	837
118	237
118	326
118	357
118	374
118	422
118	423
118	786
118	840
119	42
119	225
119	363
119	369
119	380
119	397
119	417
119	635
119	663
119	703
119	743
119	823
119	893
119	986
120	13
120	182
120	231
120	318
120	329
120	377
120	459
120	594
120	619
120	772
120	809
120	946
120	983
121	10
121	111
121	248
121	330
121	449
121	460
121	487
121	579
121	624
121	945
121	964
122	3
122	15
122	182
122	209
122	297
122	324
122	411
122	501
122	607
122	723
122	770
122	820
122	841
122	877
123	25
123	32
123	251
123	280
123	450
123	520
123	523
123	551
123	555
123	621
123	624
123	663
123	665
123	672
123	678
123	700
123	748
123	849
123	893
123	985
124	19
124	162
124	200
124	263
124	365
124	462
124	731
124	770
125	391
125	481
125	537
125	742
125	779
125	790
125	871
125	961
125	991
126	127
126	282
126	423
126	530
126	760
126	784
126	804
126	861
126	892
126	919
126	943
126	955
127	79
127	167
127	258
127	271
127	297
127	453
127	461
127	496
127	678
127	730
127	811
128	22
128	167
128	172
128	292
128	399
128	498
128	511
128	675
128	692
128	805
128	840
128	935
129	198
129	204
129	351
129	405
129	422
129	472
129	685
129	694
129	827
129	946
130	38
130	149
130	694
130	772
130	811
131	235
131	345
131	369
131	490
131	563
131	686
131	724
131	867
132	182
132	314
132	323
132	360
132	781
132	930
132	951
133	228
133	308
133	461
133	463
133	604
133	737
133	770
133	782
133	993
134	64
134	275
134	347
134	385
134	498
134	553
134	583
134	779
134	787
134	995
135	175
135	295
135	331
135	439
135	491
135	535
135	780
135	831
135	947
135	994
136	2
136	123
136	217
136	268
136	299
136	505
136	514
136	574
136	623
136	661
136	731
136	922
137	115
137	147
137	169
137	222
137	267
137	327
137	458
137	481
137	546
137	568
137	592
137	595
137	636
137	675
137	737
137	823
137	826
137	871
137	936
137	946
138	61
138	302
138	313
138	419
138	520
138	579
138	584
138	596
138	692
138	736
138	771
138	778
138	834
139	208
139	222
139	238
139	338
139	381
139	397
139	464
139	768
139	778
140	1
140	129
140	131
140	138
140	225
140	554
140	656
140	758
140	867
140	983
141	20
141	97
141	120
141	188
141	284
141	316
141	326
141	720
142	8
142	99
142	123
142	470
142	540
142	799
142	816
142	963
143	291
143	328
143	353
143	370
143	427
143	528
143	731
143	898
143	976
144	226
144	346
144	425
144	435
144	536
144	740
144	744
144	844
144	851
144	868
144	902
145	28
145	54
145	149
145	154
145	280
145	299
145	327
145	391
145	411
145	555
145	836
146	36
146	103
146	232
146	317
146	323
146	455
146	675
146	827
146	872
146	922
146	964
147	105
147	259
147	577
147	957
148	62
148	82
148	305
148	389
148	478
148	809
148	812
148	959
148	970
148	988
149	143
149	242
149	316
149	514
149	535
149	626
149	761
149	872
149	992
150	132
150	193
150	268
150	406
150	559
150	677
150	721
150	743
150	878
150	899
150	902
150	910
151	42
151	177
151	225
151	273
151	370
151	384
151	406
151	559
151	753
151	823
151	968
152	29
152	59
152	68
152	247
152	387
152	423
152	436
152	448
152	645
152	691
152	783
152	803
152	829
153	369
153	385
153	429
153	540
153	652
153	690
153	909
154	88
154	139
154	224
154	266
154	389
154	393
154	433
154	602
154	672
154	737
154	780
154	814
154	864
155	80
155	148
155	161
155	249
155	282
155	439
155	472
155	620
155	665
155	744
155	778
155	894
156	40
156	93
156	344
156	468
156	834
157	4
157	91
157	188
157	364
157	494
157	595
157	718
157	749
157	788
157	926
158	4
158	6
158	97
158	98
158	142
158	227
158	364
158	394
158	406
158	409
158	589
158	622
158	710
158	735
158	863
158	982
158	987
159	21
159	121
159	522
159	665
159	774
159	868
159	918
160	196
160	277
160	369
160	393
160	545
160	740
160	773
160	883
160	902
160	909
160	913
160	919
161	168
161	368
161	495
161	515
161	646
161	817
161	942
161	991
162	11
162	139
162	173
162	481
162	529
162	947
162	964
162	979
163	64
163	104
163	155
163	205
163	313
163	333
163	342
163	434
163	466
163	480
163	531
163	647
163	726
163	760
163	851
164	84
164	140
164	321
164	354
164	393
164	443
164	512
164	574
164	696
164	707
164	785
164	792
164	949
164	975
165	206
165	324
165	330
165	586
165	592
165	688
165	696
165	710
165	794
166	6
166	45
166	143
166	151
166	157
166	228
166	229
166	255
166	467
166	507
166	510
166	538
166	556
166	602
166	746
166	866
166	925
166	939
166	982
167	193
167	326
167	427
167	774
167	837
167	871
167	886
167	896
167	949
167	995
168	139
168	144
168	249
168	527
168	572
168	603
168	840
169	60
169	165
169	261
169	499
169	647
169	881
169	889
169	921
170	82
170	96
170	143
170	181
170	183
170	295
170	610
170	849
170	963
171	33
171	94
171	188
171	496
171	532
171	681
171	772
171	873
171	929
172	23
172	24
172	99
172	229
172	236
172	274
172	277
172	296
172	299
172	423
172	451
172	470
172	753
172	797
172	942
173	107
173	191
173	225
173	412
173	486
173	618
173	890
173	942
173	946
174	21
174	29
174	117
174	317
174	341
174	354
174	358
174	388
174	513
174	615
174	688
174	904
175	62
175	107
175	150
175	181
175	245
175	278
175	286
175	318
175	603
175	650
175	707
175	736
175	782
175	911
176	83
176	121
176	170
176	171
176	195
176	229
176	292
176	666
176	717
176	734
176	743
176	861
176	911
177	90
177	171
177	212
177	316
177	350
177	365
177	428
177	697
177	712
177	728
177	846
177	896
178	122
178	241
178	247
178	292
178	329
178	340
178	399
178	599
178	617
178	635
178	652
178	724
178	731
178	737
178	753
178	756
178	894
178	919
179	35
179	114
179	174
179	254
179	319
179	434
179	496
179	580
179	631
179	710
179	759
179	786
179	790
179	796
179	920
180	2
180	303
180	323
180	346
180	401
180	566
180	594
181	60
181	88
181	190
181	537
181	544
181	573
181	677
181	917
181	943
181	988
182	18
182	188
182	254
182	350
182	426
182	444
182	752
182	981
183	70
183	111
183	123
183	137
183	222
183	451
183	720
183	963
183	994
184	383
184	422
184	435
184	546
184	716
184	748
184	838
184	862
184	911
184	915
184	927
185	88
185	101
185	128
185	140
185	150
185	158
185	187
185	206
185	207
185	258
185	289
185	303
185	317
185	465
185	490
185	626
185	680
185	741
186	7
186	201
186	712
186	846
187	35
187	194
187	382
187	505
187	556
187	593
187	599
187	872
187	910
187	955
187	999
188	147
188	538
188	550
188	599
188	645
188	725
188	770
189	71
189	81
189	119
189	147
189	345
189	574
189	624
189	721
189	758
189	922
190	322
190	324
190	347
190	631
190	769
190	825
190	845
190	856
191	22
191	128
191	130
191	153
191	259
191	344
191	668
191	674
191	719
191	906
192	81
192	278
192	318
192	522
192	688
192	819
192	822
192	856
192	886
193	75
193	84
193	196
193	449
193	669
193	885
193	901
194	10
194	91
194	170
194	205
194	277
194	350
194	517
194	560
194	601
194	661
194	748
194	801
194	835
194	851
195	4
195	33
195	207
195	256
195	298
195	358
195	433
195	480
195	642
195	684
195	712
195	779
195	820
195	950
196	29
196	108
196	112
196	526
196	532
196	701
196	735
197	58
197	76
197	184
197	199
197	254
197	275
197	292
197	332
197	416
197	419
197	423
197	563
197	670
197	723
197	741
197	948
198	38
198	56
198	176
198	256
198	262
198	285
198	444
198	490
198	642
198	661
198	709
198	753
198	774
198	951
198	956
199	113
199	146
199	228
199	436
199	457
199	505
199	563
199	622
199	667
199	689
199	799
199	905
200	57
200	71
200	259
200	378
200	554
200	720
201	20
201	87
201	146
201	169
201	198
201	239
201	313
201	340
201	401
201	410
201	411
201	585
201	596
201	789
201	808
201	824
201	882
201	924
202	171
202	258
202	308
202	316
202	469
202	729
202	792
202	793
202	816
202	880
203	37
203	43
203	52
203	191
203	235
203	288
203	367
203	394
203	719
203	801
203	905
204	17
204	23
204	458
204	605
204	693
204	897
204	960
204	994
204	995
204	1000
205	13
205	88
205	183
205	230
205	253
205	412
205	459
205	504
205	682
205	790
205	930
206	48
206	60
206	75
206	199
206	208
206	229
206	256
206	414
206	516
206	531
206	605
206	610
206	794
206	911
206	923
207	118
207	155
207	735
207	780
207	877
207	902
208	37
208	264
208	337
208	355
208	414
208	417
208	657
208	721
208	769
208	821
208	912
209	30
209	149
209	339
209	498
209	649
209	747
209	786
209	856
209	858
209	884
210	15
210	199
210	229
210	476
210	505
210	525
210	533
210	597
210	637
210	643
210	738
210	765
210	799
210	971
211	36
211	135
211	164
211	200
211	203
211	237
211	343
211	346
211	486
211	546
211	630
211	662
211	688
212	165
212	189
212	249
212	316
212	356
212	469
212	491
212	554
212	584
212	614
212	642
212	685
212	873
212	887
212	979
213	355
213	524
213	634
213	732
213	819
213	899
214	41
214	188
214	313
214	567
214	831
214	903
215	97
215	148
215	167
215	477
215	609
215	725
215	764
215	815
215	872
215	916
216	40
216	151
216	195
216	244
216	245
216	246
216	403
216	567
216	675
216	698
216	780
217	46
217	151
217	449
217	657
217	682
217	729
217	834
217	885
217	900
217	992
218	316
218	489
218	715
218	841
218	848
218	868
218	935
219	85
219	94
219	118
219	123
219	271
219	327
219	337
219	523
219	530
219	623
219	674
219	797
219	822
219	932
220	64
220	149
220	259
220	308
220	721
221	22
221	77
221	166
221	343
221	414
221	449
221	456
221	473
221	932
222	49
222	257
222	295
222	430
222	510
222	654
222	656
222	816
222	874
223	10
223	18
223	65
223	214
223	252
223	316
223	466
223	562
223	735
223	923
224	19
224	200
224	221
224	243
224	254
224	338
224	382
224	418
224	431
224	454
224	668
224	833
224	965
225	322
225	366
225	483
225	494
225	772
225	899
225	986
226	65
226	92
226	122
226	321
226	447
226	526
226	553
226	711
226	717
226	734
226	941
227	48
227	144
227	345
227	437
227	513
227	541
227	568
227	678
227	752
227	795
228	14
228	53
228	731
229	38
229	93
229	402
229	550
229	624
229	626
229	726
229	745
229	894
230	142
230	194
230	275
230	395
230	554
230	632
230	808
230	993
231	174
231	186
231	234
231	290
231	384
231	407
231	539
231	574
231	582
231	608
231	645
231	818
231	835
231	894
232	51
232	213
232	408
232	502
232	690
232	802
232	806
232	877
233	175
233	177
233	586
233	640
233	811
233	890
234	36
234	38
234	78
234	223
234	260
234	327
234	477
234	539
234	701
234	889
234	911
235	76
235	169
235	344
235	350
235	403
235	441
235	496
235	841
235	897
236	58
236	70
236	105
236	140
236	203
236	240
236	244
236	308
236	410
236	487
236	554
236	619
236	835
236	904
237	27
237	42
237	43
237	103
237	271
237	347
237	432
237	524
237	573
237	606
237	819
237	839
237	844
237	964
238	72
238	87
238	102
238	210
238	240
238	485
238	493
238	520
238	608
238	643
238	734
238	758
238	770
238	812
239	138
239	246
239	365
239	451
239	741
240	165
240	218
240	577
240	898
240	930
240	943
240	957
241	202
241	396
241	506
241	624
241	635
241	791
241	795
241	836
241	844
241	871
241	965
241	984
242	27
242	140
242	145
242	265
242	336
242	345
242	578
242	606
242	694
242	701
242	945
242	950
243	48
243	170
243	225
243	295
243	350
243	542
243	682
243	697
243	732
243	757
243	831
243	839
243	847
243	911
243	976
243	993
244	60
244	160
244	238
244	528
244	627
244	766
244	818
244	862
244	932
244	981
245	92
245	188
245	196
245	230
245	498
245	689
245	894
245	903
245	922
245	982
246	35
246	88
246	369
246	500
246	509
246	810
247	121
247	299
247	348
247	457
247	743
247	760
247	887
247	925
247	988
248	40
248	187
248	189
248	376
248	422
248	464
248	586
248	698
248	711
248	740
248	767
248	789
248	854
248	904
248	929
248	935
248	975
249	164
249	165
249	415
249	518
249	562
249	642
249	772
249	775
250	55
250	72
250	154
250	176
250	394
250	499
250	518
250	611
250	735
250	798
250	799
251	113
251	344
251	440
251	461
251	593
251	829
251	886
251	956
251	991
252	287
252	594
252	836
252	946
253	90
253	214
253	290
253	484
253	616
253	677
253	919
254	2
254	184
254	476
254	692
254	776
255	65
255	95
255	157
255	201
255	265
255	267
255	401
255	402
255	404
255	539
255	732
255	737
255	817
255	826
255	900
255	919
255	982
255	997
256	315
256	392
256	453
256	552
256	872
256	874
256	875
257	34
257	198
257	354
257	488
257	641
257	665
257	776
257	850
257	913
258	201
258	213
258	305
258	439
258	560
258	571
258	603
258	747
258	760
258	852
258	976
259	84
259	158
259	192
259	381
259	435
259	584
259	692
259	697
259	768
259	774
259	909
259	995
260	38
260	182
260	376
260	447
260	610
260	641
260	678
260	795
260	806
260	885
261	175
261	253
261	360
261	407
261	448
261	452
261	468
261	647
261	653
261	684
261	690
261	754
261	817
261	971
262	88
262	179
262	305
262	365
262	629
262	724
262	772
262	818
262	840
262	947
263	94
263	125
263	199
263	308
263	311
263	314
263	522
263	597
263	734
263	796
263	823
263	945
263	977
264	221
264	238
264	336
264	459
264	491
264	765
264	924
265	224
265	250
265	522
265	560
265	580
265	590
265	758
265	831
266	165
266	314
266	317
266	419
266	522
266	888
266	948
267	21
267	61
267	130
267	138
267	265
267	303
267	339
267	350
267	413
267	483
267	586
268	142
268	240
268	346
268	475
268	629
268	791
268	807
268	833
269	29
269	65
269	338
269	362
269	401
269	555
269	719
269	824
270	73
270	108
270	349
270	351
270	366
270	367
270	430
270	488
270	512
270	521
270	588
270	667
270	679
270	723
270	788
270	850
271	55
271	59
271	94
271	157
271	212
271	649
271	867
271	984
272	11
272	111
272	166
272	411
272	435
272	537
272	614
272	618
272	697
273	12
273	44
273	111
273	155
273	311
273	348
273	564
273	801
273	932
274	9
274	16
274	143
274	173
274	207
274	433
274	782
274	806
274	860
274	893
274	932
274	965
274	976
275	42
275	151
275	227
275	441
275	478
275	574
275	735
276	128
276	132
276	178
276	211
276	387
276	450
276	573
276	760
276	830
276	884
276	902
276	999
277	19
277	506
277	612
277	689
277	901
277	988
278	158
278	189
278	494
278	511
278	559
278	599
278	849
279	104
279	114
279	128
279	160
279	223
279	384
279	403
279	499
279	660
279	836
279	966
280	169
280	241
280	531
280	572
280	635
280	698
280	832
280	856
280	929
280	957
280	972
281	117
281	190
281	241
281	296
281	428
281	481
281	733
282	9
282	176
282	220
282	223
282	260
282	284
282	388
282	556
282	925
282	994
283	40
283	153
283	423
283	435
283	458
283	467
283	697
283	868
284	45
284	204
284	664
284	679
284	826
284	947
285	91
285	169
285	185
285	247
285	289
285	336
285	436
285	697
285	830
285	869
286	57
286	179
286	191
286	228
286	275
286	354
286	373
286	520
286	641
286	647
286	745
286	846
286	994
287	171
287	321
287	335
287	361
287	610
287	630
287	671
287	726
287	899
287	974
288	24
288	165
288	252
288	279
288	416
288	443
288	651
288	949
289	33
289	152
289	327
289	514
289	552
289	566
289	607
289	807
289	826
290	62
290	82
290	88
290	240
290	279
290	319
290	351
290	473
290	491
290	501
290	536
290	608
290	622
290	756
290	932
290	960
291	51
291	91
291	199
291	228
291	597
291	659
292	4
292	215
292	311
292	394
292	416
292	442
292	503
292	634
292	685
292	902
292	926
292	959
293	102
293	194
293	208
293	235
293	375
293	506
293	601
293	656
293	709
293	718
293	938
293	945
293	962
294	27
294	87
294	273
294	334
294	353
294	397
294	612
294	832
294	934
294	972
295	88
295	110
295	371
295	646
295	680
295	890
295	938
296	120
296	133
296	232
296	658
296	754
296	808
297	114
297	265
297	335
297	346
297	433
297	510
297	711
297	959
298	199
298	234
298	275
298	417
298	489
298	493
298	550
298	636
298	680
298	747
298	748
298	770
298	922
299	247
299	270
299	405
299	776
299	785
299	864
299	970
300	131
300	177
300	196
300	311
300	373
300	632
300	640
300	695
300	736
300	999
301	174
301	178
301	225
301	274
301	349
301	472
301	596
301	640
301	867
301	879
302	101
302	150
302	383
302	447
302	501
302	535
302	890
302	941
303	360
303	558
303	772
303	798
303	969
304	1
304	291
304	369
304	398
304	403
304	506
304	524
304	718
304	725
304	824
304	895
305	20
305	455
305	581
305	641
305	642
305	731
305	829
305	858
305	878
305	924
306	265
306	366
306	594
306	647
306	686
306	732
306	937
307	20
307	105
307	138
307	322
307	425
307	520
307	860
307	900
307	946
308	128
308	437
308	485
308	679
308	688
308	731
308	750
308	845
309	71
309	264
309	515
309	560
309	673
309	729
309	757
309	941
309	982
310	98
310	117
310	122
310	169
310	698
310	815
310	818
310	867
311	70
311	84
311	125
311	229
311	274
311	327
311	343
311	514
311	633
311	709
311	758
311	799
311	850
311	888
312	20
312	54
312	102
312	588
312	660
312	839
313	10
313	172
313	245
313	381
313	424
313	695
313	843
313	876
314	22
314	99
314	145
314	260
314	264
314	363
314	572
314	754
314	823
314	888
314	984
315	138
315	209
315	281
315	380
315	404
315	529
315	759
315	780
315	898
315	911
316	9
316	265
316	284
316	487
316	531
316	638
316	703
316	709
316	786
316	843
316	985
317	23
317	62
317	121
317	185
317	286
317	351
317	366
317	838
318	10
318	56
318	85
318	158
318	249
318	295
318	442
318	495
318	552
318	598
318	629
318	730
318	755
318	824
318	996
319	173
319	188
319	282
319	465
319	570
319	611
319	618
319	640
320	113
320	478
320	541
320	597
320	612
320	617
320	633
321	264
321	500
321	529
321	587
321	952
322	3
322	357
322	393
322	522
322	532
322	555
322	645
322	683
322	745
322	798
322	874
323	45
323	62
323	65
323	154
323	187
323	209
323	535
323	539
323	558
323	581
323	713
323	866
323	925
324	189
324	377
324	411
324	502
324	596
324	951
325	159
325	178
325	184
325	200
325	463
325	522
325	542
325	546
325	646
325	659
325	725
325	903
326	127
326	170
326	277
326	313
326	325
326	345
326	387
326	689
327	185
327	263
327	359
327	625
327	663
327	855
327	943
327	986
328	161
328	256
328	276
328	391
328	473
328	483
328	499
328	590
328	606
328	646
328	767
328	902
328	961
328	982
329	20
329	105
329	218
329	226
329	271
329	330
329	431
329	495
329	810
329	886
329	984
330	223
330	347
330	499
330	539
330	608
330	727
330	736
330	751
330	945
331	13
331	71
331	73
331	158
331	386
331	580
331	613
331	730
331	738
331	756
331	775
331	863
331	873
331	946
331	960
331	986
332	142
332	300
332	379
332	508
332	512
332	544
332	577
332	729
332	770
333	38
333	309
333	321
333	598
333	802
333	889
333	928
334	255
334	291
334	361
334	545
334	862
335	8
335	12
335	75
335	80
335	98
335	317
335	366
335	534
335	681
335	856
335	988
336	8
336	53
336	59
336	68
336	183
336	284
336	318
336	425
336	465
336	467
336	566
336	627
336	641
336	729
336	930
336	934
337	158
337	246
337	252
337	460
337	561
337	682
337	709
337	793
338	4
338	41
338	380
338	419
338	583
338	632
338	822
338	881
339	114
339	130
339	136
339	338
339	394
339	482
339	496
339	500
339	508
339	539
339	666
339	789
339	924
339	932
339	953
340	15
340	36
340	229
340	336
340	357
340	528
340	603
340	871
341	64
341	218
341	310
341	323
341	699
341	744
341	851
341	914
341	1000
342	97
342	125
342	174
342	393
342	621
342	625
342	886
342	1000
343	255
343	371
343	387
343	471
343	627
343	703
343	709
343	752
344	119
344	522
344	608
344	679
344	743
344	932
345	21
345	157
345	176
345	229
345	364
345	389
345	409
345	456
345	597
345	632
345	647
345	749
345	791
345	877
345	946
346	131
346	228
346	229
346	300
346	306
346	550
346	591
346	733
346	762
346	991
347	73
347	87
347	101
347	152
347	419
347	537
347	548
347	673
347	681
347	751
347	769
347	970
347	974
347	991
348	10
348	73
348	243
348	254
348	332
348	435
348	690
348	738
348	862
348	953
349	262
349	347
349	457
349	475
349	688
349	697
349	731
349	965
349	972
350	185
350	229
350	275
350	291
350	440
350	990
351	156
351	165
351	222
351	327
351	482
351	484
351	836
351	860
351	861
351	914
351	922
352	163
352	266
352	460
352	537
352	660
352	675
352	701
352	729
352	740
352	742
352	907
353	37
353	133
353	354
353	821
353	839
353	909
354	153
354	172
354	313
354	617
354	654
354	706
354	709
354	812
355	148
355	293
355	371
355	419
355	527
355	545
355	562
355	585
355	605
355	636
355	916
355	920
355	957
355	973
356	83
356	94
356	215
356	359
356	673
356	883
356	943
357	16
357	28
357	220
357	300
357	332
357	367
357	368
357	469
357	526
357	549
357	695
357	923
357	925
358	48
358	240
358	253
358	284
358	384
358	516
358	519
358	614
358	761
358	768
358	919
358	930
359	66
359	95
359	214
359	293
359	319
359	374
359	914
360	2
360	25
360	31
360	108
360	154
360	238
360	511
360	715
360	835
360	848
360	871
360	948
360	958
360	982
361	172
361	262
361	392
361	453
361	479
361	588
361	666
361	945
362	265
362	379
362	437
362	596
362	612
362	746
362	811
362	878
363	61
363	148
363	217
363	233
363	343
363	448
363	596
363	704
363	788
363	809
363	987
364	52
364	288
364	403
364	631
364	689
364	697
364	889
364	981
365	57
365	157
365	251
365	253
365	349
366	69
366	86
366	124
366	200
366	231
366	256
366	288
366	345
366	368
366	408
366	441
366	535
366	564
366	623
366	627
366	649
366	721
366	729
367	264
367	272
367	273
367	278
367	394
367	418
367	624
367	651
367	656
368	119
368	208
368	224
368	290
368	314
368	318
368	834
369	58
369	132
369	179
369	237
369	292
369	404
369	459
369	462
369	701
369	824
369	921
370	20
370	21
370	368
370	530
370	631
370	688
370	892
370	949
371	13
371	416
371	443
371	599
371	708
371	791
371	835
371	938
372	122
372	141
372	283
372	385
372	415
372	502
372	688
372	746
372	804
372	927
372	975
372	982
373	94
373	184
373	584
373	608
373	787
374	82
374	135
374	136
374	215
374	223
374	345
374	422
374	428
374	496
374	520
374	655
374	836
375	18
375	81
375	85
375	208
375	259
375	262
375	280
375	324
375	353
375	428
376	65
376	301
376	363
376	770
376	891
376	909
376	974
377	43
377	216
377	343
377	357
377	540
377	630
377	832
377	837
377	858
378	162
378	391
378	545
378	622
378	639
378	722
378	733
378	862
378	876
379	363
379	389
379	514
379	553
379	711
379	811
380	132
380	242
380	271
380	287
380	690
380	710
380	715
380	728
380	729
380	861
380	867
380	952
380	969
381	44
381	122
381	366
381	394
381	502
381	727
381	836
381	922
382	98
382	225
382	246
382	640
382	683
382	927
383	147
383	235
383	318
383	433
383	434
383	668
383	670
384	3
384	280
384	340
384	379
384	484
384	564
384	565
384	816
384	854
384	928
384	936
385	66
385	128
385	137
385	248
385	307
385	475
385	487
385	560
385	637
385	765
385	799
385	861
386	7
386	105
386	147
386	296
386	368
386	406
386	531
386	578
386	658
386	672
386	721
386	775
386	864
386	900
386	947
387	49
387	100
387	327
387	417
387	636
387	782
387	957
388	72
388	219
388	491
388	652
388	680
388	703
388	863
388	887
389	10
389	92
389	104
389	273
389	548
389	766
389	932
389	999
390	162
390	245
390	424
390	430
390	473
390	588
390	594
390	774
390	797
390	968
391	33
391	61
391	148
391	172
391	194
391	237
391	285
391	291
391	354
391	361
391	419
391	447
391	582
391	587
391	727
391	985
392	35
392	73
392	141
392	173
392	216
392	229
392	292
392	697
392	713
393	25
393	73
393	177
393	356
393	408
393	495
393	563
393	616
393	651
393	833
393	881
394	114
394	129
394	716
394	752
394	917
394	986
395	9
395	436
395	559
395	718
396	17
396	36
396	60
396	119
396	138
396	207
396	262
396	355
396	879
396	956
397	26
397	305
397	688
397	823
397	843
397	847
397	867
398	99
398	133
398	223
398	241
398	322
398	352
398	413
398	790
398	842
398	961
399	278
399	408
399	691
399	701
399	887
400	64
400	114
400	120
400	146
400	255
400	269
400	621
400	911
401	45
401	78
401	208
401	324
401	346
401	552
401	578
401	664
401	729
401	766
401	794
401	826
401	867
402	191
402	290
402	456
402	488
402	530
402	588
402	606
402	608
402	674
402	837
402	908
403	49
403	50
403	95
403	118
403	147
403	483
403	666
403	721
403	758
403	762
403	774
403	989
404	24
404	171
404	177
404	213
404	442
404	468
404	623
404	661
404	742
404	803
405	122
405	185
405	303
405	348
405	359
405	373
405	384
405	400
405	488
405	618
405	703
405	832
405	880
405	925
406	27
406	589
406	625
406	721
407	186
407	226
407	331
407	361
407	381
407	508
407	579
407	601
407	681
407	712
407	752
407	961
408	19
408	310
408	439
408	506
408	547
408	564
408	693
408	735
408	837
408	878
409	57
409	192
409	239
409	539
409	561
409	570
409	643
409	699
409	715
409	903
409	936
410	35
410	288
410	343
410	402
410	482
410	687
410	725
410	936
411	74
411	101
411	276
411	354
411	399
411	903
411	982
411	993
412	69
412	149
412	198
412	306
412	350
412	433
412	445
412	469
412	476
412	543
412	631
412	696
412	777
412	803
412	903
412	969
413	31
413	270
413	341
413	503
413	512
413	570
413	689
413	840
413	955
414	51
414	416
414	494
414	633
414	674
414	690
414	715
414	785
414	891
414	940
414	951
414	967
415	13
415	16
415	105
415	121
415	258
415	343
415	344
415	473
415	536
415	567
415	632
415	793
415	940
415	989
416	82
416	110
416	114
416	300
416	632
416	636
416	691
416	711
416	732
416	968
417	151
417	344
417	389
417	541
417	590
417	600
417	725
417	740
417	833
418	138
418	165
418	173
418	336
418	514
418	782
418	904
419	42
419	160
419	183
419	349
419	380
419	424
419	455
419	634
419	708
419	765
420	134
420	146
420	432
420	574
420	591
420	661
420	922
421	75
421	96
421	237
421	420
421	457
421	696
421	747
421	773
421	803
421	811
421	947
422	19
422	94
422	129
422	405
422	407
422	497
422	519
422	536
422	595
422	615
422	637
422	714
422	884
423	84
423	349
423	409
423	460
423	515
423	517
423	625
423	810
423	926
424	103
424	137
424	201
424	202
424	307
424	412
424	454
424	741
424	815
425	60
425	274
425	351
425	357
425	441
425	525
425	576
425	800
425	802
425	814
425	839
426	275
426	374
426	434
426	492
426	592
426	687
426	836
426	923
427	468
427	617
427	761
427	843
427	857
427	904
427	962
428	16
428	44
428	111
428	136
428	185
428	243
428	396
428	417
428	452
428	629
428	638
428	963
428	988
429	215
429	291
429	306
429	416
429	483
429	541
429	625
429	650
429	698
429	863
429	973
429	1000
430	88
430	156
430	184
430	404
430	424
430	436
430	521
430	859
430	961
430	980
431	364
431	482
431	494
431	497
431	596
431	642
431	669
431	691
431	781
431	842
431	991
432	214
432	275
432	592
432	677
432	701
432	793
432	795
432	850
432	854
432	877
433	4
433	170
433	174
433	192
433	544
433	784
433	788
433	796
434	32
434	162
434	257
434	389
434	398
434	405
434	495
434	558
434	601
434	695
434	792
434	812
434	824
434	858
434	891
434	912
435	76
435	195
435	201
435	244
435	496
435	704
435	749
435	810
435	812
435	888
436	13
436	125
436	274
436	356
436	519
436	666
436	763
436	819
436	892
437	314
437	391
437	403
437	519
437	545
437	587
437	683
437	787
437	803
437	884
437	897
438	68
438	152
438	399
438	407
438	531
438	685
438	768
438	959
439	14
439	114
439	198
439	259
439	266
439	459
439	764
439	768
439	882
440	6
440	50
440	101
440	156
440	193
440	196
440	289
440	354
440	463
440	571
440	624
440	813
440	843
440	978
441	12
441	258
441	478
441	558
441	769
441	860
442	183
442	273
442	536
442	560
442	623
443	28
443	265
443	428
443	587
443	599
443	641
443	686
443	700
443	703
443	707
443	793
444	70
444	272
444	691
444	706
444	971
445	101
445	251
445	343
445	452
445	479
445	506
445	635
445	727
446	37
446	399
446	467
446	743
446	912
446	996
447	144
447	148
447	163
447	236
447	360
447	392
447	426
447	456
447	486
447	764
447	965
447	996
448	62
448	91
448	162
448	197
448	226
448	369
448	438
448	487
448	522
448	551
448	638
448	672
448	872
448	905
448	946
448	965
449	72
449	105
449	115
449	330
449	371
449	413
449	417
449	452
449	533
449	603
449	626
449	731
449	748
449	750
449	867
449	975
450	1
450	17
450	116
450	387
450	426
450	621
450	642
450	664
450	769
450	852
450	922
450	956
451	153
451	342
451	347
451	361
451	518
451	600
451	756
451	773
452	323
452	355
452	364
452	385
452	504
452	512
452	599
452	699
452	786
452	985
453	2
453	96
453	198
453	462
453	546
453	591
453	832
453	869
453	973
453	989
454	197
454	244
454	427
454	532
454	710
454	778
454	800
455	164
455	392
455	485
455	615
455	651
455	736
455	818
455	993
456	11
456	45
456	90
456	173
456	194
456	216
456	228
456	531
456	851
456	883
456	941
456	942
457	81
457	167
457	216
457	324
457	327
457	339
457	346
457	530
457	571
457	758
458	38
458	402
458	486
458	599
458	715
458	850
458	912
459	80
459	156
459	286
459	289
459	462
459	552
459	740
459	882
460	14
460	128
460	194
460	196
460	210
460	248
460	334
460	371
460	451
460	485
460	671
460	703
460	895
460	916
461	70
461	236
461	264
461	307
461	413
461	584
461	594
461	605
461	618
461	621
461	625
461	707
461	828
461	979
462	170
462	210
462	253
462	282
462	400
462	423
462	476
462	519
462	569
462	570
462	632
462	633
462	848
462	934
462	935
462	960
463	14
463	36
463	231
463	418
463	454
463	529
463	539
463	542
463	754
464	229
464	236
464	294
464	432
464	613
464	754
464	832
464	954
464	999
465	155
465	186
465	215
465	272
465	303
465	312
465	494
465	505
465	679
465	754
465	825
465	848
465	963
466	36
466	55
466	59
466	165
466	176
466	213
466	501
466	592
466	598
466	631
466	667
466	721
466	725
466	943
467	30
467	51
467	466
467	476
467	501
467	687
467	700
468	12
468	143
468	284
468	286
468	341
468	456
468	551
468	655
468	657
468	686
468	691
468	754
468	781
468	809
469	154
469	286
469	370
469	380
469	478
469	503
469	512
469	524
469	533
469	612
470	183
470	210
470	350
470	442
470	447
470	638
470	956
471	179
471	188
471	304
471	315
471	495
471	575
471	646
471	674
471	831
471	906
471	910
472	43
472	80
472	492
472	617
472	697
473	43
473	72
473	139
473	189
473	197
473	242
473	282
473	291
473	334
473	526
473	606
473	686
473	769
473	818
474	70
474	238
474	598
474	709
474	796
475	149
475	181
475	231
475	318
475	400
475	543
475	624
475	982
476	164
476	279
476	435
476	606
476	626
476	931
476	964
477	2
477	264
477	275
477	361
477	490
477	643
477	650
477	710
477	823
477	834
477	895
478	202
478	244
478	295
478	422
478	686
478	923
478	981
479	160
479	174
479	274
479	276
479	545
479	752
479	775
480	74
480	96
480	97
480	206
480	271
480	377
480	412
480	415
480	500
480	555
480	559
480	639
480	651
480	717
480	760
480	795
480	911
480	915
480	925
481	189
481	273
481	510
481	578
481	592
481	689
481	692
481	741
481	743
481	820
481	915
481	944
481	957
481	964
482	8
482	188
482	189
482	235
482	258
482	599
482	839
483	65
483	146
483	186
483	283
483	462
483	471
483	534
483	580
483	688
483	690
483	769
483	878
483	990
483	992
484	40
484	106
484	201
484	233
484	301
484	339
484	430
484	885
485	12
485	453
485	555
485	575
485	589
485	673
485	848
485	998
486	65
486	135
486	151
486	233
486	244
486	272
486	379
486	410
486	417
486	440
486	626
486	666
486	782
486	862
486	982
487	122
487	209
487	270
487	304
487	356
487	368
487	459
487	593
487	600
487	642
487	841
487	867
487	946
488	20
488	170
488	371
488	462
488	482
488	643
488	699
488	788
488	914
488	988
489	86
489	178
489	184
489	272
489	455
489	705
489	760
489	814
489	845
489	993
490	41
490	44
490	82
490	86
490	238
490	278
490	424
490	516
490	812
490	962
491	44
491	141
491	184
491	201
491	230
491	414
491	426
491	468
491	563
491	783
491	797
492	12
492	92
492	288
492	329
492	427
492	453
492	613
492	757
492	770
492	812
492	977
493	31
493	33
493	108
493	532
493	606
493	688
493	707
493	746
493	872
493	921
494	1
494	193
494	275
494	886
495	2
495	27
495	317
495	421
495	700
495	778
495	916
495	992
496	135
496	138
496	153
496	379
496	629
496	678
496	816
496	828
496	874
497	43
497	158
497	174
497	230
497	241
497	291
497	312
497	343
497	542
497	628
497	846
497	871
498	27
498	359
498	391
498	464
498	584
498	831
498	943
499	8
499	108
499	175
499	480
499	585
499	788
499	944
499	978
500	23
500	96
500	157
500	332
500	334
500	499
500	533
500	724
500	836
500	862
500	863
500	918
501	151
501	166
501	236
501	306
501	361
501	716
501	727
501	952
502	31
502	278
502	398
502	456
502	571
502	596
502	631
502	699
502	851
502	891
503	102
503	176
503	350
503	435
503	473
503	523
503	641
503	731
503	765
504	124
504	186
504	217
504	310
504	341
504	413
504	438
504	511
504	658
504	684
504	741
504	826
504	877
504	929
505	18
505	188
505	191
505	296
505	321
505	488
505	537
505	676
505	683
506	102
506	194
506	210
506	253
506	613
506	701
506	761
506	819
506	876
506	922
507	342
507	370
507	403
507	456
507	498
507	535
507	581
507	681
507	860
507	962
507	971
507	981
508	49
508	233
508	264
508	295
508	346
508	506
508	639
508	660
508	890
508	922
508	986
509	198
509	293
509	388
509	430
509	720
509	768
509	772
510	32
510	173
510	178
510	215
510	230
510	400
510	423
510	731
510	786
510	940
511	73
511	118
511	139
511	281
511	301
511	318
511	369
511	503
511	552
511	569
511	680
511	791
511	858
512	18
512	212
512	359
512	416
512	537
512	626
512	634
512	761
512	762
512	899
512	916
512	943
512	987
513	6
513	36
513	73
513	192
513	341
513	354
513	406
513	483
513	488
513	654
513	782
513	853
514	98
514	227
514	236
514	327
514	447
514	600
514	667
514	701
514	702
514	759
514	867
514	912
514	932
515	123
515	390
515	529
515	702
515	746
515	780
515	905
515	916
516	142
516	190
516	298
516	431
516	482
516	581
516	591
516	753
516	766
516	882
516	888
516	909
517	207
517	309
517	454
517	904
517	915
518	15
518	426
518	496
518	524
518	597
518	665
518	702
518	848
518	989
519	181
519	215
519	361
519	501
519	647
519	759
519	899
519	906
519	921
519	977
520	15
520	41
520	265
520	488
520	582
520	779
520	820
520	868
521	350
521	352
521	401
521	413
521	423
521	470
521	515
521	538
521	545
521	555
521	728
521	848
521	851
521	914
521	986
522	111
522	277
522	331
522	430
522	688
522	741
522	821
522	867
523	70
523	266
523	459
523	479
523	572
523	746
523	751
523	777
523	803
523	869
523	925
523	990
523	1000
524	53
524	153
524	228
524	465
524	576
524	819
524	879
525	19
525	170
525	227
525	303
525	370
525	517
525	622
525	725
525	814
525	823
525	916
526	50
526	87
526	117
526	710
526	906
527	5
527	21
527	55
527	418
527	424
527	465
527	540
527	563
527	639
527	938
527	951
528	150
528	234
528	371
528	657
528	752
528	760
528	772
528	791
528	854
528	884
529	208
529	308
529	327
529	475
529	697
529	841
530	253
530	325
530	573
530	867
530	918
530	999
531	106
531	563
531	592
531	601
531	725
532	137
532	313
532	412
532	422
532	630
532	712
532	749
532	778
533	5
533	62
533	200
533	310
533	312
533	380
533	506
533	645
533	653
533	711
533	758
533	782
533	890
533	931
533	947
534	3
534	132
534	141
534	158
534	341
534	570
534	976
535	13
535	192
535	302
535	478
535	654
535	896
535	937
536	148
536	178
536	179
536	303
536	360
536	582
536	610
536	621
536	756
536	856
536	888
536	979
536	997
537	59
537	174
537	309
537	333
537	446
537	458
537	485
537	567
537	621
537	673
537	686
537	702
537	743
537	829
537	939
537	942
538	121
538	472
538	739
538	826
538	929
538	935
538	966
539	3
539	4
539	167
539	180
539	253
539	311
539	419
539	679
539	710
539	732
539	780
539	925
540	69
540	81
540	469
540	528
540	545
540	670
540	712
540	756
540	843
541	45
541	132
541	219
541	394
541	597
541	608
541	709
541	747
541	778
541	844
542	121
542	169
542	341
542	474
542	517
542	581
542	796
542	816
542	907
543	2
543	32
543	82
543	102
543	327
543	771
544	26
544	150
544	206
544	257
544	268
544	489
544	562
544	903
544	919
544	970
545	47
545	140
545	147
545	492
545	531
545	570
545	619
545	686
545	975
546	199
546	202
546	238
546	324
546	385
546	585
546	675
546	748
546	841
546	982
547	123
547	210
547	217
547	253
547	259
547	267
547	363
547	906
548	65
548	154
548	258
548	348
548	383
548	477
548	552
548	568
548	785
548	903
548	926
549	61
549	76
549	306
549	326
549	576
549	784
549	868
549	941
550	49
550	70
550	109
550	116
550	132
550	149
550	177
550	182
550	256
550	299
550	635
550	812
550	981
551	133
551	204
551	214
551	408
551	550
551	577
551	615
551	758
551	897
551	947
551	981
552	203
552	316
552	318
552	352
552	370
552	400
552	497
552	529
552	647
552	703
552	723
552	825
552	871
553	241
553	253
553	493
553	690
553	806
553	888
553	928
553	955
554	61
554	249
554	974
554	979
554	995
555	105
555	115
555	132
555	176
555	321
555	413
555	435
555	456
555	509
555	519
555	627
555	633
555	756
555	856
556	92
556	312
556	457
556	489
556	554
556	621
556	662
556	703
556	843
556	986
557	98
557	121
557	124
557	493
557	509
557	574
557	610
557	838
557	876
558	50
558	93
558	120
558	155
558	252
558	343
558	408
558	417
558	462
558	587
558	751
558	899
559	16
559	46
559	136
559	219
559	305
559	364
559	413
559	495
559	598
559	640
559	658
559	730
559	743
559	764
559	847
560	105
560	177
560	279
560	293
560	368
560	406
560	478
560	650
560	665
560	676
560	686
560	723
561	98
561	233
561	269
561	389
561	525
561	529
561	605
561	649
561	927
562	155
562	197
562	448
562	463
563	34
563	255
563	280
563	777
563	865
564	58
564	77
564	164
564	243
564	355
564	405
564	471
564	867
564	988
565	80
565	107
565	120
565	235
565	271
565	392
565	452
565	531
565	667
565	757
565	803
565	822
565	830
565	851
566	266
566	288
566	342
566	465
566	590
566	632
566	921
567	180
567	308
567	387
567	460
567	559
567	571
567	607
567	730
568	164
568	245
568	311
568	408
568	869
569	38
569	152
569	274
569	461
569	743
569	805
570	60
570	107
570	142
570	176
570	228
570	284
570	363
570	427
570	430
570	574
570	599
570	625
570	920
571	105
571	108
571	463
571	611
571	786
571	940
572	189
572	265
572	395
572	541
572	545
572	766
572	773
572	776
572	831
572	843
572	913
572	924
572	986
573	157
573	230
573	328
573	335
573	613
573	710
573	721
573	797
573	840
573	849
573	856
574	144
574	164
574	327
574	435
574	660
574	663
574	700
574	969
575	371
575	678
575	689
575	810
575	896
575	940
576	41
576	47
576	53
576	68
576	217
576	237
576	342
576	405
576	595
576	624
576	643
576	658
576	774
576	833
576	957
577	9
577	365
577	408
577	439
577	464
577	607
577	610
577	758
577	874
578	25
578	80
578	83
578	252
578	282
578	395
578	396
578	397
578	411
578	441
578	455
578	703
578	715
579	84
579	116
579	252
579	304
579	376
579	392
579	506
579	537
579	651
579	659
579	690
579	754
579	786
579	899
579	933
580	28
580	49
580	228
580	312
580	451
580	540
580	711
580	714
580	722
580	858
580	871
580	908
580	983
581	72
581	120
581	219
581	299
581	321
581	350
581	384
581	519
581	550
581	564
581	645
581	869
582	44
582	86
582	142
582	368
582	584
582	692
582	795
582	838
582	854
583	36
583	58
583	443
583	728
583	943
584	172
584	213
584	465
584	606
584	665
584	727
584	829
584	836
585	131
585	340
585	355
585	419
585	476
585	535
585	562
585	678
585	736
585	909
585	988
586	42
586	355
586	599
586	703
586	765
586	876
586	949
586	959
587	131
587	433
587	556
587	579
587	648
587	903
587	986
588	29
588	233
588	366
588	455
588	682
588	721
588	906
588	926
588	995
589	42
589	107
589	152
589	307
589	316
589	586
589	691
589	823
589	950
590	56
590	95
590	280
590	379
590	559
590	657
590	773
590	808
590	837
590	856
590	952
590	961
590	988
591	114
591	234
591	331
591	348
591	370
591	482
591	550
591	581
591	586
591	587
591	597
591	647
591	676
591	843
591	884
591	953
592	159
592	409
592	465
592	571
592	622
592	635
592	685
593	245
593	402
593	446
593	609
594	12
594	13
594	249
594	304
594	475
594	497
594	587
594	752
594	833
594	843
594	926
595	81
595	253
595	540
595	585
595	604
595	758
595	867
595	907
596	260
596	290
596	848
596	938
597	85
597	118
597	187
597	200
597	264
597	493
597	532
597	644
597	733
597	861
597	893
597	926
597	931
598	142
598	188
598	257
598	397
598	481
598	590
599	57
599	195
599	209
599	429
599	460
599	597
599	611
599	629
599	669
599	683
599	750
599	847
599	873
599	891
599	951
600	182
600	634
600	656
600	664
600	668
600	696
600	902
601	30
601	193
601	240
601	258
601	267
601	328
601	363
601	436
601	557
601	613
601	690
601	697
601	886
601	894
601	930
601	947
601	954
601	998
602	15
602	117
602	189
602	206
602	226
602	230
602	581
602	612
602	724
602	748
603	346
603	543
603	616
603	759
604	223
604	287
604	302
604	407
604	459
604	844
604	860
604	895
604	951
604	954
604	980
605	64
605	142
605	587
605	722
605	758
605	956
606	58
606	139
606	283
606	418
606	604
606	624
606	645
606	673
606	811
607	157
607	222
607	277
607	452
607	498
607	515
607	516
607	868
608	43
608	90
608	511
608	544
608	570
608	596
608	686
608	744
608	864
609	125
609	126
609	494
609	538
609	560
609	769
609	836
609	970
610	5
610	415
610	501
610	615
610	629
610	888
610	889
611	130
611	152
611	170
611	246
611	284
611	355
611	577
611	582
611	619
611	634
611	758
611	776
612	131
612	230
612	233
612	235
612	271
612	283
612	406
612	769
612	999
613	37
613	171
613	234
613	449
613	481
613	572
613	591
613	626
613	729
613	780
613	812
613	864
613	992
614	322
614	420
614	639
614	722
614	728
614	736
614	807
614	894
615	96
615	262
615	292
615	296
615	377
615	422
615	435
615	610
615	745
615	869
615	938
615	943
616	159
616	359
616	449
616	551
616	589
616	727
616	825
617	105
617	107
617	317
617	330
617	387
617	596
617	633
617	700
617	947
618	126
618	206
618	239
618	313
618	348
618	656
618	799
618	967
619	273
619	306
619	397
619	448
619	616
619	726
619	788
619	914
620	342
620	373
620	377
620	394
620	440
620	495
620	544
620	885
620	988
621	53
621	117
621	268
621	269
621	298
621	351
621	412
621	566
621	767
621	810
621	842
621	918
621	993
622	45
622	74
622	191
622	437
622	530
622	677
622	691
622	772
622	876
622	916
623	91
623	126
623	225
623	228
623	245
623	278
623	279
623	319
623	381
623	403
623	543
623	593
623	621
623	639
623	717
623	719
623	762
624	30
624	109
624	132
624	134
624	241
624	271
624	285
624	304
624	338
624	501
624	586
624	587
624	708
624	739
624	887
624	948
625	233
625	239
625	269
625	272
625	400
625	419
625	482
625	758
625	792
626	31
626	153
626	232
626	252
626	412
626	540
626	645
626	662
626	850
627	48
627	121
627	129
627	482
627	535
627	600
627	771
627	789
628	30
628	60
628	74
628	87
628	371
628	446
628	621
628	721
628	740
629	145
629	654
629	730
629	850
630	38
630	163
630	231
630	320
630	366
630	447
630	617
630	904
630	994
631	12
631	110
631	126
631	186
631	249
631	266
631	316
631	341
631	586
631	721
631	823
631	844
632	22
632	273
632	502
632	623
632	683
632	699
632	876
632	930
633	34
633	42
633	101
633	179
633	646
633	743
633	769
634	98
634	262
634	386
634	470
634	814
634	959
634	993
635	210
635	259
635	381
635	559
635	604
635	664
635	669
635	740
635	804
635	857
635	967
636	23
636	33
636	146
636	218
636	283
636	304
636	320
636	442
636	542
636	574
636	584
636	725
636	860
636	870
636	880
636	910
636	1000
637	36
637	481
637	758
637	784
637	824
638	53
638	177
638	288
638	309
638	316
638	453
638	501
638	559
638	589
638	635
638	849
639	35
639	66
639	69
639	168
639	172
639	220
639	268
639	300
639	434
639	453
639	617
639	653
639	654
639	811
639	871
640	67
640	111
640	143
640	167
640	239
640	337
640	392
640	512
640	656
640	805
640	808
641	16
641	77
641	164
641	189
641	420
641	421
641	521
641	553
641	623
641	698
641	700
641	800
641	902
642	77
642	235
642	282
642	299
642	456
642	459
642	537
642	618
642	658
642	699
642	791
642	892
642	920
643	96
643	137
643	139
643	304
643	559
643	636
643	682
643	813
644	11
644	73
644	523
644	525
644	716
644	804
644	851
645	151
645	168
645	187
645	353
645	389
645	393
645	515
645	720
645	770
645	832
645	835
645	969
646	31
646	286
646	490
646	640
646	704
646	795
646	860
646	895
646	990
647	151
647	307
647	332
647	341
647	442
647	480
647	580
647	919
648	33
648	41
648	47
648	155
648	254
648	461
648	582
648	607
648	754
648	771
648	805
648	877
648	952
649	7
649	87
649	362
649	373
649	480
649	481
649	492
649	609
649	641
649	679
650	212
650	325
650	395
650	526
650	702
650	765
651	26
651	158
651	178
651	474
651	661
651	673
651	723
651	867
651	915
651	985
652	205
652	210
652	291
652	464
652	767
653	20
653	54
653	108
653	255
653	281
654	18
654	22
654	186
654	198
654	345
654	537
654	604
654	649
654	790
654	889
654	906
654	908
654	915
654	954
654	958
654	983
655	10
655	23
655	260
655	375
655	584
655	660
655	798
655	827
655	934
656	47
656	289
656	332
656	335
656	679
656	907
656	959
657	52
657	60
657	229
657	500
657	535
657	680
657	692
657	717
657	877
657	902
657	909
657	941
657	944
657	947
658	163
658	207
658	451
658	502
658	744
658	864
658	890
659	388
659	519
659	599
659	645
659	686
659	841
659	902
659	947
659	961
660	72
660	240
660	273
660	356
660	373
660	382
660	460
660	592
660	749
660	776
660	816
660	827
660	874
660	966
661	80
661	144
661	223
661	273
661	336
661	356
661	444
661	445
661	596
661	843
661	981
662	94
662	125
662	424
662	676
662	742
662	800
662	847
662	904
662	931
663	15
663	161
663	197
663	409
663	564
663	565
663	587
663	595
663	655
663	668
663	963
664	96
664	199
664	265
664	382
664	434
664	602
664	856
664	982
664	983
665	216
665	270
665	439
665	443
665	533
665	610
665	621
665	722
665	739
665	774
665	786
665	787
665	795
665	804
665	815
665	818
665	871
666	49
666	152
666	256
666	413
666	498
666	546
666	652
666	720
666	940
666	954
667	50
667	312
667	315
667	317
667	338
667	471
667	482
667	601
667	745
667	877
668	509
669	44
669	104
669	225
669	305
669	330
669	526
669	547
669	556
669	631
669	656
669	983
670	89
670	212
670	409
670	509
670	529
670	645
670	830
670	832
670	900
670	950
670	997
671	37
671	129
671	159
671	162
671	247
671	249
671	326
671	352
671	412
671	854
671	855
671	956
672	31
672	93
672	264
672	300
672	408
672	454
672	475
672	526
672	632
672	642
672	760
672	995
673	46
673	112
673	259
673	301
673	480
673	486
673	488
673	548
673	565
673	608
674	5
674	36
674	227
674	293
674	603
674	650
674	667
674	722
674	838
674	946
675	161
675	196
675	265
675	397
675	645
675	692
675	938
676	161
676	187
676	227
676	309
676	310
676	331
676	360
676	544
676	758
676	783
676	862
677	130
677	138
677	239
677	376
677	382
677	383
677	419
677	690
677	754
678	7
678	156
678	342
678	389
678	462
678	677
678	749
678	805
678	919
678	920
678	939
678	946
678	958
678	972
679	265
679	429
679	457
679	475
679	594
679	696
679	876
680	52
680	457
680	481
680	514
680	569
680	633
680	668
680	801
681	30
681	184
681	465
681	752
681	824
681	836
681	907
682	118
682	344
682	489
682	653
682	773
682	776
683	59
683	67
683	133
683	444
683	620
683	747
683	810
683	837
683	860
683	890
683	902
683	973
684	158
684	382
684	550
684	579
684	677
684	754
684	773
684	890
685	78
685	124
685	321
685	480
685	503
685	510
685	655
685	661
685	790
685	972
686	45
686	47
686	141
686	214
686	215
686	222
686	291
686	451
686	673
686	704
686	765
686	809
686	857
687	86
687	266
687	395
687	493
687	690
687	724
687	744
687	778
687	984
688	1
688	103
688	139
688	166
688	382
688	488
688	565
688	651
688	652
688	790
688	797
688	864
688	865
688	923
689	122
689	191
689	455
689	457
690	18
690	35
690	78
690	84
690	113
690	117
690	227
690	453
690	533
690	566
690	670
690	679
690	873
690	926
691	50
691	216
691	220
691	229
691	351
691	561
691	577
691	851
692	160
692	245
692	262
692	690
692	793
693	80
693	249
693	395
693	602
693	635
693	668
693	767
694	96
694	302
694	451
694	454
694	491
694	524
694	757
694	824
694	888
694	890
694	911
695	61
695	138
695	229
695	401
695	427
695	429
695	521
695	549
695	617
695	755
695	843
695	909
695	972
696	119
696	346
696	488
696	527
696	532
696	547
696	578
696	609
696	798
697	134
697	294
697	304
697	341
697	393
697	504
697	565
697	589
697	663
697	700
697	738
697	756
697	871
698	70
698	234
698	360
698	434
698	896
698	918
699	13
699	46
699	296
699	305
699	403
700	111
700	277
700	317
700	383
700	401
700	484
700	554
700	565
700	879
701	18
701	279
701	649
701	830
701	954
702	20
702	151
702	153
702	256
702	405
702	435
702	581
702	884
702	895
703	10
703	11
703	117
703	118
703	213
703	402
703	619
703	763
703	800
703	936
704	78
704	82
704	108
704	417
704	433
704	629
704	658
704	674
705	137
705	239
705	987
706	30
706	66
706	112
706	160
706	195
706	209
706	254
706	438
706	679
706	697
707	207
707	625
707	796
707	902
707	970
708	118
708	138
708	161
708	180
708	344
708	438
708	455
708	796
708	830
708	866
708	867
708	902
709	23
709	93
709	96
709	285
709	318
709	356
709	448
709	849
709	912
709	977
710	78
710	511
710	553
710	703
710	728
710	756
710	795
710	881
710	993
711	50
711	73
711	132
711	264
711	277
711	298
711	302
711	354
711	387
711	398
711	498
711	525
711	544
711	591
711	615
711	639
711	710
711	713
711	763
711	882
711	983
712	105
712	137
712	179
712	307
712	526
712	654
712	660
712	694
712	703
712	780
712	796
712	855
712	981
712	988
713	8
713	33
713	330
713	382
713	389
713	391
713	426
713	450
713	462
713	502
713	610
713	850
713	858
714	40
714	43
714	44
714	72
714	135
714	197
714	378
714	418
714	513
714	536
714	537
714	569
714	598
714	609
714	716
714	807
715	33
715	108
715	420
715	470
715	535
715	572
715	590
715	667
715	847
716	34
716	190
716	206
716	365
716	453
716	460
716	560
716	846
716	901
716	920
717	150
717	159
717	214
717	259
717	263
717	392
717	523
717	548
717	580
717	676
717	677
717	700
717	845
717	906
717	980
718	55
718	69
718	120
718	150
718	157
718	387
718	395
718	723
718	866
718	878
719	23
719	78
719	153
719	467
719	614
719	832
720	42
720	253
720	312
720	417
720	424
720	536
720	695
720	752
720	884
721	40
721	223
721	246
721	254
721	445
721	481
721	495
721	527
721	676
721	802
721	820
721	920
721	926
722	175
722	250
722	263
722	321
722	528
722	579
722	634
722	637
722	769
722	870
722	959
723	87
723	290
723	323
723	341
723	532
723	596
723	666
723	766
723	981
724	42
724	246
724	379
724	531
724	544
724	621
724	645
724	873
724	950
724	979
725	309
725	377
725	405
725	463
725	532
725	564
725	573
725	832
725	853
726	458
726	527
726	563
726	749
727	34
727	436
727	621
727	656
727	685
727	721
727	741
727	793
727	859
727	862
727	919
727	967
728	281
728	361
728	487
728	658
728	692
728	710
728	717
728	748
728	783
728	833
728	910
729	107
729	154
729	272
729	307
729	312
729	327
729	352
729	370
729	382
729	388
729	488
729	565
729	800
730	21
730	93
730	205
730	334
730	491
730	615
730	782
730	831
730	987
731	11
731	97
731	316
731	384
731	535
731	563
731	672
731	733
731	861
731	978
731	982
732	10
732	249
732	275
732	291
732	315
732	474
732	488
732	518
732	547
732	797
732	906
733	105
733	113
733	127
733	152
733	178
733	253
733	259
733	375
733	384
733	393
733	656
733	675
733	756
733	861
733	919
734	220
734	252
734	487
734	593
734	638
734	662
734	701
734	724
734	817
734	897
735	33
735	56
735	96
735	121
735	140
735	377
735	548
735	555
735	561
735	646
735	668
735	705
735	792
735	855
735	937
736	61
736	86
736	118
736	262
736	339
736	352
736	428
736	516
736	808
737	80
737	88
737	115
737	272
737	706
737	775
737	794
737	959
738	12
738	149
738	156
738	200
738	480
738	557
738	712
738	774
738	952
739	454
739	798
739	820
739	872
739	894
740	8
740	33
740	114
740	120
740	163
740	166
740	313
740	475
740	491
740	667
740	909
740	943
740	982
741	38
741	64
741	293
741	523
741	553
741	708
741	807
742	2
742	15
742	185
742	273
742	308
742	399
742	671
742	757
742	800
742	969
743	93
743	142
743	317
743	406
743	445
743	478
743	593
743	744
743	777
743	854
743	972
744	30
744	145
744	198
744	215
744	391
744	424
744	579
744	620
744	639
744	794
744	824
744	882
744	885
744	937
744	940
744	965
745	23
745	208
745	250
745	376
745	459
745	483
745	546
745	566
745	623
745	648
745	677
745	952
745	997
746	56
746	127
746	132
746	289
746	338
746	384
746	626
746	809
746	865
747	281
747	312
747	334
747	463
747	475
747	545
747	822
748	26
748	130
748	209
748	218
748	343
748	349
748	536
748	588
748	594
748	597
748	698
748	731
748	886
748	941
748	954
749	241
749	334
749	513
749	540
749	748
749	888
749	943
750	107
750	112
750	293
750	425
750	494
750	692
750	770
750	889
751	164
751	277
751	413
751	422
751	452
751	498
751	542
751	746
751	951
752	178
752	239
752	325
752	429
752	548
752	579
752	803
752	901
752	953
752	960
752	963
753	38
753	54
753	65
753	164
753	167
753	172
753	286
753	307
753	374
753	377
753	412
753	517
753	542
753	676
753	883
753	900
753	935
754	20
754	102
754	137
754	148
754	211
754	231
754	278
754	527
754	751
754	960
754	989
755	57
755	63
755	198
755	220
755	229
755	412
755	583
755	599
755	653
755	703
755	736
755	768
756	30
756	49
756	57
756	65
756	199
756	206
756	308
756	379
756	394
756	442
756	473
756	504
756	694
756	846
756	987
757	1
757	124
757	136
757	263
757	368
757	421
757	443
757	571
757	670
757	807
757	894
757	916
757	959
758	83
758	145
758	209
758	242
758	283
758	406
758	492
758	563
758	716
758	772
759	111
759	146
759	185
759	213
759	274
759	313
759	707
759	817
759	923
760	101
760	142
760	204
760	240
760	258
760	324
760	427
760	545
760	694
760	707
760	715
760	865
760	892
760	928
761	94
761	413
761	704
761	748
761	796
761	857
761	896
761	943
761	1000
762	19
762	45
762	653
762	943
763	33
763	63
763	133
763	140
763	268
763	315
763	323
763	381
763	679
763	949
763	952
764	12
764	13
764	26
764	104
764	112
764	380
764	710
764	830
765	50
765	68
765	79
765	344
765	416
765	456
765	471
765	709
765	792
765	830
765	856
765	954
766	12
766	138
766	341
766	355
766	382
766	388
766	495
766	652
766	674
766	740
766	752
766	821
766	866
766	913
766	954
766	973
767	64
767	128
767	300
767	366
767	428
767	455
767	493
767	637
767	714
767	773
767	793
767	804
767	1000
768	13
768	26
768	109
768	212
768	255
768	394
768	421
768	466
768	502
768	615
768	668
768	671
768	838
768	984
769	119
769	206
769	330
769	455
769	496
769	579
769	582
769	787
769	839
769	858
769	921
769	946
770	45
770	232
770	509
770	569
770	611
770	662
770	706
770	768
770	823
770	870
770	938
770	972
770	975
770	978
771	94
771	168
771	201
771	237
771	266
771	379
771	417
771	514
771	562
771	573
771	649
771	856
772	3
772	21
772	54
772	133
772	327
772	619
772	651
772	701
772	776
772	779
773	179
773	278
773	359
773	377
773	378
773	436
773	566
773	807
774	222
774	284
774	350
774	386
774	436
774	509
774	601
774	696
774	771
774	813
774	864
774	897
775	100
775	110
775	288
775	314
775	391
775	439
775	445
775	462
775	764
775	833
775	952
776	116
776	128
776	221
776	296
776	452
776	475
776	480
776	579
776	647
776	692
777	253
777	293
777	335
777	391
777	400
777	524
777	590
777	658
777	724
777	875
777	919
778	67
778	113
778	207
778	468
778	524
778	575
778	577
778	601
778	646
778	807
778	858
778	931
778	975
779	134
779	139
779	245
779	290
779	398
779	458
779	641
779	690
779	696
779	764
779	876
779	890
779	930
779	934
780	45
780	53
780	78
780	81
780	125
780	144
780	268
780	330
780	532
780	575
780	714
780	801
780	836
780	837
780	858
780	988
780	998
781	252
781	322
781	485
781	494
781	834
781	887
781	918
781	942
781	951
781	961
782	91
782	191
782	911
782	932
783	372
783	440
783	504
783	543
783	610
783	951
784	18
784	25
784	76
784	209
784	371
784	605
784	610
784	623
784	673
784	787
785	28
785	120
785	157
785	236
785	616
785	666
785	730
785	752
785	809
785	851
786	114
786	373
786	401
786	454
786	575
786	629
786	780
786	805
786	900
787	2
787	150
787	177
787	306
787	358
787	437
787	438
787	505
787	513
787	560
787	727
787	757
787	921
787	968
788	149
788	185
788	224
788	265
788	349
788	375
788	380
788	480
788	529
788	531
788	690
788	779
788	834
789	46
789	67
789	232
789	322
789	864
789	889
790	41
790	187
790	248
790	288
790	346
790	654
790	791
790	845
790	916
790	961
791	75
791	167
791	438
791	448
791	583
791	751
791	766
791	769
791	892
791	910
792	69
792	145
792	220
792	284
792	287
792	372
792	654
792	664
792	666
792	700
792	707
792	840
792	952
792	983
793	90
793	110
793	113
793	348
793	403
793	427
793	832
793	878
793	894
793	930
793	987
794	71
794	91
794	210
794	221
794	232
794	411
794	426
794	433
794	520
794	828
794	847
794	865
794	882
794	968
795	63
795	128
795	143
795	358
795	379
795	409
795	449
795	820
795	828
796	84
796	220
796	256
796	351
796	582
796	656
796	911
797	27
797	95
797	449
797	610
797	642
797	790
797	869
797	906
798	27
798	29
798	54
798	161
798	296
798	386
798	489
798	500
798	615
798	617
798	812
798	891
798	900
798	991
799	2
799	163
799	196
799	236
799	249
799	254
799	260
799	343
799	372
799	455
799	712
799	901
799	953
800	6
800	295
800	339
800	460
800	513
800	655
800	946
800	949
801	69
801	139
801	287
801	349
801	874
802	53
802	141
802	169
802	171
802	340
802	413
802	514
802	791
802	873
803	85
803	177
803	485
803	658
803	798
803	832
803	997
804	124
804	172
804	187
804	219
804	374
804	391
804	452
804	460
804	636
804	680
804	761
804	782
804	850
805	102
805	103
805	132
805	372
805	382
805	597
805	638
805	658
805	686
805	877
805	967
805	975
806	48
806	64
806	142
806	225
806	229
806	237
806	265
806	273
806	333
806	364
806	506
806	508
806	646
806	770
806	858
806	920
807	25
807	46
807	175
807	183
807	276
807	283
807	486
807	548
807	603
807	837
808	31
808	157
808	165
808	304
808	343
808	517
808	524
808	606
808	636
808	963
808	998
809	10
809	29
809	38
809	98
809	179
809	383
809	499
809	565
809	654
809	943
809	985
810	107
810	183
810	195
810	275
810	456
810	512
810	536
810	694
810	768
810	864
811	103
811	410
811	643
811	651
811	775
811	822
812	20
812	760
812	861
813	37
813	40
813	160
813	239
813	746
813	881
813	932
813	946
813	974
813	982
814	1
814	143
814	209
814	236
814	244
814	527
814	530
814	551
814	553
814	565
814	593
814	629
814	778
814	847
814	877
815	14
815	24
815	188
815	264
815	359
815	733
815	930
815	933
815	992
816	24
816	35
816	110
816	414
816	419
816	452
816	730
816	760
816	768
816	948
817	77
817	100
817	215
817	364
817	401
817	492
817	628
817	670
817	855
818	148
818	293
818	416
818	513
818	570
818	571
818	744
818	817
819	5
819	40
819	44
819	60
819	115
819	253
819	449
819	569
819	638
819	752
819	880
819	914
819	962
819	966
819	988
820	18
820	55
820	74
820	224
820	400
820	401
820	514
820	560
820	605
820	760
820	823
820	891
820	985
821	86
821	264
821	407
821	563
821	626
821	690
821	977
822	22
822	32
822	97
822	99
822	105
822	225
822	280
822	289
822	328
822	358
822	381
822	668
822	771
822	806
823	217
823	509
823	553
823	582
823	609
823	668
823	720
823	848
823	864
824	64
824	186
824	193
824	357
824	425
824	546
824	578
824	637
824	676
824	737
824	807
824	983
825	179
825	507
825	650
825	815
825	862
825	940
826	129
826	143
826	244
826	445
826	491
826	940
827	65
827	429
827	457
827	625
827	737
828	170
828	200
828	239
828	240
828	323
828	499
828	613
828	664
828	755
828	845
828	919
828	939
828	959
829	47
829	65
829	189
829	363
829	411
829	618
829	852
829	879
830	87
830	133
830	224
830	612
830	634
830	637
830	647
830	713
830	714
830	812
830	876
830	881
831	89
831	93
831	177
831	191
831	222
831	243
831	258
831	452
831	468
831	557
831	986
832	8
832	126
832	202
832	209
832	257
832	684
832	746
832	901
833	162
833	234
833	489
833	597
833	657
833	750
834	7
834	83
834	97
834	214
834	340
834	488
834	576
834	577
834	707
834	718
834	740
835	71
835	178
835	206
835	223
835	300
835	423
835	509
835	511
835	641
835	810
836	46
836	96
836	178
836	292
836	310
836	368
836	426
836	702
836	756
836	930
836	935
836	963
837	27
837	51
837	407
837	544
837	685
837	860
837	896
837	930
837	938
837	954
838	15
838	47
838	56
838	180
838	273
838	363
838	422
838	519
838	675
839	79
839	172
839	478
839	802
839	983
840	62
840	70
840	268
840	316
840	320
840	425
840	463
840	473
840	510
840	536
840	558
840	590
840	626
840	689
840	892
840	951
840	996
841	12
841	97
841	145
841	203
841	339
841	541
841	559
841	601
841	664
841	714
841	873
841	960
841	985
842	219
842	278
842	326
842	416
842	780
842	880
843	37
843	44
843	173
843	197
843	206
843	373
843	407
843	541
843	751
844	229
844	333
844	487
844	587
844	662
844	716
844	791
844	955
845	93
845	174
845	335
845	370
845	487
845	511
845	581
845	642
845	659
845	814
845	843
846	25
846	44
846	338
846	575
846	886
846	922
847	26
847	237
847	317
847	320
847	338
847	369
847	461
847	463
847	666
847	674
847	695
847	842
847	907
847	957
848	15
848	80
848	243
848	392
848	454
848	590
848	680
848	728
848	835
848	882
849	150
849	360
849	441
849	722
849	781
849	836
849	848
849	976
850	3
850	21
850	53
850	596
850	641
850	740
850	801
850	814
850	906
850	945
851	93
851	140
851	213
851	347
851	375
851	468
851	568
851	912
852	3
852	28
852	394
852	453
852	460
852	878
852	882
852	980
853	499
853	569
853	941
853	951
854	128
854	149
854	252
854	354
854	550
854	558
854	610
854	616
854	873
854	960
854	968
855	155
855	402
855	462
855	524
855	535
855	698
855	737
855	746
855	842
855	884
855	920
856	124
856	142
856	224
856	226
856	260
856	363
856	495
856	586
856	623
856	646
856	696
856	841
857	100
857	284
857	563
857	600
857	611
857	660
857	673
857	715
857	736
857	780
857	906
857	951
858	91
858	127
858	292
858	328
858	670
858	690
858	761
858	978
859	32
859	40
859	58
859	480
859	556
859	646
859	821
859	855
859	984
859	995
860	80
860	186
860	237
860	248
860	302
860	344
860	406
860	444
860	481
860	502
860	537
860	609
860	645
860	651
860	780
860	782
860	829
860	832
860	834
860	923
861	185
861	404
861	599
862	120
862	285
862	367
862	418
862	440
862	527
863	16
863	40
863	87
863	384
863	549
863	585
863	615
864	6
864	123
864	140
864	270
864	341
864	397
864	528
864	586
864	613
864	657
865	76
865	155
865	219
865	424
865	547
865	598
865	600
865	823
865	893
866	52
866	82
866	464
866	760
866	829
866	894
866	923
866	989
867	51
867	75
867	289
867	544
867	613
867	958
868	73
868	321
868	324
868	410
868	428
868	435
868	528
868	875
869	93
869	106
869	274
869	286
870	6
870	122
870	150
870	183
870	492
870	656
870	742
870	806
870	836
870	875
870	952
870	970
871	274
871	336
871	560
871	655
871	670
871	764
871	916
872	140
872	206
872	283
872	382
872	693
872	775
873	33
873	66
873	93
873	193
873	343
873	380
873	472
873	473
873	537
873	749
873	782
873	898
874	81
874	199
874	431
874	538
874	608
874	625
875	18
875	257
875	316
875	418
875	452
875	495
875	562
875	578
875	898
875	938
876	27
876	112
876	273
876	390
876	424
876	519
876	630
876	815
876	916
877	23
877	92
877	224
877	310
877	357
877	459
877	855
878	75
878	100
878	175
878	198
878	278
878	391
878	464
878	530
878	829
879	130
879	212
879	329
879	435
879	492
879	664
879	731
879	751
879	759
879	849
880	152
880	503
880	597
880	855
880	931
881	75
881	139
881	270
881	388
881	545
881	556
881	716
881	742
881	817
881	950
882	308
882	350
882	373
882	424
882	565
882	775
882	826
882	880
883	76
883	206
883	217
883	329
883	379
883	566
883	577
883	590
883	664
883	976
884	14
884	60
884	80
884	191
884	361
884	391
884	456
884	688
884	700
884	788
884	955
885	102
885	138
885	221
885	709
886	75
886	109
886	157
886	266
886	320
886	374
886	485
886	486
886	627
886	685
886	723
886	836
886	880
886	971
887	10
887	111
887	136
887	153
887	163
887	355
887	450
887	618
887	716
887	785
887	808
887	990
888	97
888	188
888	222
888	249
888	407
888	446
888	485
888	501
888	665
888	794
888	822
888	932
888	977
889	228
889	296
889	313
889	471
889	626
889	632
889	672
889	697
889	813
889	845
890	78
890	125
890	130
890	186
890	244
890	259
890	400
890	422
890	478
890	547
890	750
890	804
890	859
890	898
891	120
891	256
891	339
891	541
891	585
891	589
891	725
891	832
891	964
892	42
892	44
892	199
892	242
892	438
892	538
892	568
892	569
892	792
893	67
893	149
893	160
893	266
893	354
893	621
893	654
893	666
893	718
893	720
893	728
893	731
893	762
893	926
893	947
894	100
894	238
894	266
894	316
894	417
894	426
894	742
894	780
894	884
894	917
894	943
894	998
895	237
895	397
895	513
895	550
895	612
895	655
895	700
896	110
896	194
896	228
896	241
896	293
896	723
896	840
896	890
896	986
897	36
897	71
897	306
897	384
897	567
897	652
897	720
897	785
897	921
897	982
898	3
898	37
898	67
898	298
898	393
898	529
898	699
898	733
898	827
899	59
899	183
899	419
899	435
899	456
899	569
899	616
899	692
899	751
899	793
899	802
899	905
900	42
900	120
900	197
900	224
900	230
900	328
900	427
900	441
900	646
900	706
900	719
900	799
900	801
901	174
901	289
901	351
901	357
901	387
901	514
901	516
901	522
901	614
901	653
901	770
901	782
901	846
901	999
902	11
902	24
902	198
902	361
902	514
902	642
902	838
902	953
903	40
903	233
903	347
903	463
903	635
903	749
903	912
903	923
904	265
904	363
904	562
905	130
905	158
905	214
905	230
905	293
905	422
905	613
905	621
905	647
905	683
905	864
905	884
905	906
905	928
906	36
906	41
906	383
906	394
906	406
906	535
906	553
906	596
906	832
906	841
906	899
906	975
906	994
907	8
907	100
907	172
907	351
907	468
907	620
907	770
907	824
908	89
908	99
908	442
908	743
908	931
908	1000
909	85
909	173
909	281
909	319
909	463
909	603
909	752
909	949
910	2
910	51
910	73
910	257
910	427
910	622
910	652
910	685
910	693
910	730
910	781
910	890
910	927
911	66
911	177
911	178
911	206
911	208
911	288
911	294
911	443
911	488
911	566
911	604
911	625
911	704
911	800
911	891
912	264
912	317
912	373
912	378
912	539
912	710
912	746
912	769
912	776
912	850
913	14
913	63
913	193
913	226
913	447
913	525
913	560
913	597
913	976
914	174
914	185
914	201
914	226
914	241
914	305
914	484
914	511
914	704
914	863
914	878
914	896
915	166
915	199
915	222
915	248
915	352
915	392
915	424
915	444
915	534
915	567
915	578
915	698
916	311
916	757
916	937
916	940
916	976
917	82
917	176
917	191
917	220
917	282
917	313
917	352
917	391
917	481
917	482
917	488
917	625
917	706
917	806
918	28
918	40
918	232
918	254
918	445
918	671
918	672
918	737
918	815
918	839
918	904
918	985
919	73
919	251
919	294
919	426
919	526
919	623
919	663
919	690
919	722
919	748
919	787
919	797
919	815
919	967
920	264
920	273
920	525
920	560
920	573
920	591
920	725
920	754
920	981
921	66
921	98
921	151
921	223
921	353
921	565
921	569
921	595
921	612
921	640
921	737
921	746
921	752
921	795
921	842
921	915
921	938
922	41
922	321
922	344
922	357
922	427
922	499
922	700
922	722
922	736
923	61
923	72
923	116
923	136
923	228
923	279
923	327
923	338
923	445
923	587
923	635
923	695
923	769
923	830
923	909
924	183
924	186
924	228
924	233
924	256
924	266
924	292
924	296
924	334
924	348
924	411
924	756
924	861
924	895
924	898
925	141
925	409
925	738
925	847
926	90
926	223
926	420
926	456
926	567
926	572
926	618
926	940
927	103
927	161
927	176
927	199
927	665
927	835
928	15
928	118
928	324
928	400
928	402
928	476
928	561
928	754
928	790
928	811
928	949
928	950
929	84
929	126
929	168
929	240
929	242
929	341
929	407
929	574
929	597
929	666
929	713
929	731
929	891
930	8
930	78
930	104
930	226
930	464
930	588
930	615
930	900
930	932
930	989
930	995
931	9
931	62
931	64
931	153
931	183
931	198
931	204
931	211
931	313
931	314
931	351
931	696
931	762
931	781
931	824
931	853
931	873
931	955
931	981
931	991
932	33
932	105
932	172
932	643
932	693
932	779
932	786
932	883
932	966
933	198
933	295
933	578
933	657
933	742
934	143
934	203
934	240
934	256
934	375
934	552
934	570
934	698
934	752
934	904
934	919
935	167
935	389
935	473
935	494
935	634
935	636
935	666
935	771
935	819
935	825
935	829
935	832
935	875
935	911
935	914
936	66
936	394
936	502
936	576
936	763
936	900
936	991
937	55
937	187
937	351
937	352
937	572
937	781
937	854
937	857
937	920
938	105
938	562
938	583
938	591
938	715
939	46
939	611
939	812
939	826
939	887
939	888
940	336
940	398
940	447
940	474
940	560
940	643
940	814
941	27
941	157
941	186
941	338
941	515
941	552
941	632
941	712
941	718
941	820
941	904
941	938
942	55
942	91
942	171
942	193
942	212
942	452
942	632
942	846
942	906
942	930
943	37
943	64
943	99
943	108
943	346
943	362
943	442
943	889
944	378
944	453
944	714
944	882
944	923
944	937
944	956
945	14
945	22
945	54
945	59
945	173
945	182
945	263
945	354
945	357
945	371
945	477
945	609
946	14
946	103
946	152
946	170
946	426
946	432
946	584
946	683
946	756
946	960
947	133
947	168
947	230
947	265
948	80
948	531
948	568
948	762
948	842
948	919
948	979
949	274
949	521
949	744
949	758
949	775
949	779
949	895
949	921
950	30
950	90
950	150
950	269
950	288
950	330
950	343
950	619
950	697
950	779
950	813
950	817
950	860
951	142
951	194
951	281
951	283
951	345
951	487
951	602
951	975
952	40
952	49
952	104
952	125
952	154
952	199
952	218
952	280
952	399
952	526
952	600
952	688
953	1
953	2
953	150
953	179
953	186
953	277
953	352
953	390
953	524
953	603
953	754
953	983
954	20
954	30
954	154
954	187
954	223
954	329
954	471
954	597
954	640
954	804
954	959
954	969
954	992
955	17
955	58
955	90
955	258
955	585
955	731
955	767
955	928
956	110
956	419
956	433
956	594
956	604
956	722
957	8
957	25
957	142
957	157
957	254
957	288
957	455
957	629
957	744
958	30
958	53
958	232
958	233
958	291
958	323
958	491
958	768
958	971
959	118
959	183
959	465
959	602
959	632
959	741
959	767
959	793
959	797
959	863
959	948
960	43
960	47
960	122
960	136
960	230
960	277
960	511
960	664
960	673
960	750
960	765
961	9
961	187
961	250
961	432
961	550
961	619
961	671
961	746
961	783
961	919
962	95
962	148
962	221
962	416
962	420
962	424
962	470
962	548
962	599
962	702
962	841
962	850
962	859
962	901
963	191
963	265
963	306
963	311
963	454
963	561
963	599
963	833
963	861
963	905
964	95
964	132
964	189
964	205
964	404
964	533
964	648
964	797
964	854
965	33
965	146
965	188
965	304
965	498
965	743
965	904
966	30
966	48
966	78
966	129
966	201
966	249
966	420
966	470
966	494
966	553
966	587
966	610
966	672
966	715
967	242
967	367
967	395
967	471
967	575
967	646
967	657
967	767
967	776
967	952
968	3
968	197
968	843
968	916
968	979
969	41
969	50
969	76
969	228
969	282
969	286
969	301
969	423
969	611
969	624
969	917
969	965
969	978
970	125
970	262
970	480
970	780
970	824
970	902
970	940
970	971
971	150
971	308
971	355
971	507
971	577
971	621
971	696
971	850
971	862
972	22
972	116
972	125
972	139
972	151
972	307
972	444
972	811
972	893
972	941
972	950
973	45
973	179
973	233
973	608
973	755
973	766
973	819
973	860
973	909
974	20
974	31
974	174
974	268
974	729
974	753
974	931
974	982
975	248
975	299
975	335
975	354
975	419
975	490
975	835
975	869
975	916
975	943
976	256
976	683
976	689
976	736
976	774
976	841
976	933
977	6
977	83
977	154
977	472
977	529
977	563
977	570
977	575
977	606
977	617
977	637
977	826
978	27
978	49
978	78
978	158
978	330
978	367
978	444
978	467
978	577
978	611
978	652
978	746
978	755
978	771
979	68
979	148
979	163
979	174
979	175
979	285
979	405
979	413
979	423
979	424
979	475
979	496
979	523
979	574
979	893
979	895
980	183
980	216
980	291
980	333
980	340
980	448
980	841
980	856
980	888
981	30
981	241
981	292
981	453
981	773
981	785
982	102
982	169
982	413
982	414
982	537
982	673
982	714
982	764
982	832
982	908
982	909
983	7
983	190
983	670
983	717
983	873
983	972
984	333
984	379
984	590
984	599
984	723
984	776
984	839
984	841
984	843
984	885
984	967
984	982
985	73
985	255
985	463
985	536
985	563
985	608
985	623
985	647
985	780
985	955
986	203
986	230
986	241
986	295
986	436
986	510
986	590
986	673
986	775
986	899
986	961
987	163
987	369
987	396
987	433
987	475
987	501
987	505
987	609
988	131
988	158
988	203
988	382
988	423
988	489
988	520
988	554
988	587
988	675
988	741
989	110
989	168
989	291
989	295
989	383
989	518
989	523
989	531
989	596
989	622
989	625
989	626
989	633
989	899
989	944
989	980
990	26
990	109
990	273
990	338
990	369
990	404
990	555
990	582
990	925
991	144
991	255
991	285
991	290
991	466
991	518
991	561
991	603
991	642
991	753
991	774
991	931
991	968
991	978
992	359
992	391
992	394
992	567
992	654
992	727
992	822
993	27
993	79
993	233
993	344
993	348
993	354
993	458
993	469
993	566
993	570
993	735
994	206
994	297
994	353
994	451
994	495
994	560
994	600
994	615
994	713
994	908
994	954
994	996
995	86
995	111
995	287
995	459
995	531
995	575
995	600
995	706
995	734
995	841
995	999
996	11
996	103
996	285
996	491
996	523
996	630
996	649
996	846
996	858
996	886
996	933
996	937
996	946
997	10
997	71
997	88
997	212
997	397
997	516
997	530
997	725
997	767
997	849
998	57
998	86
998	187
998	194
998	359
998	492
998	600
998	687
999	492
999	514
999	676
999	736
999	939
1000	174
1000	293
1000	313
1000	447
1000	545
1000	593
1000	637
1000	848
1000	923
